1.000000e+00	1.000000e+00	0.000000e+00	0.000000e+00
1.000000e+00	1.039122e+00	-1.894982e-07	-1.524482e-08
1.000000e+00	1.079775e+00	1.755946e-07	8.430954e-09
1.000000e+00	1.122018e+00	1.357022e-09	-1.200329e-04
1.000000e+00	1.165914e+00	-1.987225e-08	1.873636e-07
1.000000e+00	1.211528e+00	-2.739594e-08	3.506774e-07
1.000000e+00	1.258925e+00	1.294962e-08	6.189775e-07
1.000000e+00	1.308177e+00	-1.292523e-08	8.471221e-07
1.000000e+00	1.359356e+00	-4.266479e-08	1.190098e-06
1.000000e+00	1.412538e+00	-9.566152e-08	1.603290e-06
1.000000e+00	1.467799e+00	-1.254602e-07	2.092422e-06
1.000000e+00	1.525223e+00	-1.469845e-07	2.663729e-06
1.000000e+00	1.584893e+00	-1.819390e-07	3.323610e-06
1.000000e+00	1.646898e+00	-2.232113e-07	4.079135e-06
1.000000e+00	1.711328e+00	-2.666783e-07	4.937654e-06
1.000000e+00	1.778279e+00	-3.174443e-07	5.907048e-06
1.000000e+00	1.847850e+00	-3.753744e-07	6.995718e-06
1.000000e+00	1.920142e+00	-4.387767e-07	8.212568e-06
1.000000e+00	1.995262e+00	-5.579327e-07	9.567139e-06
1.000000e+00	2.073322e+00	-6.546683e-07	1.106950e-05
1.000000e+00	2.154435e+00	-8.387802e-07	1.273036e-05
1.000000e+00	2.238721e+00	-1.086482e-06	1.456122e-05
1.000000e+00	2.326305e+00	-1.451440e-06	1.657423e-05
1.000000e+00	2.417315e+00	-2.036561e-06	1.878242e-05
1.000000e+00	2.511886e+00	-3.133898e-06	2.120003e-05
1.000000e+00	2.610157e+00	-6.859086e-06	2.384572e-05
1.000000e+00	2.712273e+00	6.266667e-04	2.735962e-05
1.000000e+00	2.818383e+00	7.067428e-06	2.985678e-05
1.000000e+00	2.928645e+00	3.805395e-06	3.325261e-05
1.000000e+00	3.043220e+00	2.623002e-06	3.694256e-05
1.000000e+00	3.162278e+00	8.063581e-04	4.227554e-05
1.000000e+00	3.285993e+00	8.564202e-04	4.685736e-05
1.000000e+00	3.414549e+00	9.087507e-04	5.183178e-05
1.000000e+00	3.548134e+00	9.635125e-04	5.722787e-05
1.000000e+00	3.686945e+00	1.020881e-03	6.307722e-05
1.000000e+00	3.831187e+00	1.080969e-03	6.941352e-05
1.000000e+00	3.981072e+00	1.144052e-03	7.627332e-05
1.000000e+00	4.136820e+00	1.210850e-03	8.369611e-05
1.000000e+00	4.298662e+00	1.001576e-03	9.149316e-05
1.000000e+00	4.466836e+00	1.353320e-03	1.004049e-04
1.000000e+00	4.641589e+00	-1.391257e-04	1.043633e-04
1.000000e+00	4.823178e+00	-1.514810e-03	1.199268e-04
1.000000e+00	5.011872e+00	-1.594653e-03	1.308825e-04
1.000000e+00	5.207948e+00	-1.689100e-03	1.427197e-04
1.000000e+00	5.411695e+00	-1.466635e-02	-4.211982e-04
1.000000e+00	5.623413e+00	-1.890419e-03	1.693312e-04
1.000000e+00	5.843414e+00	-2.001450e-03	1.842707e-04
1.000000e+00	6.072022e+00	2.119727e-03	2.004245e-04
1.000000e+00	6.309573e+00	2.246825e-03	2.178999e-04
1.000000e+00	6.556418e+00	2.382809e-03	2.368171e-04
1.000000e+00	6.812921e+00	2.543445e-03	2.573120e-04
1.000000e+00	7.079458e+00	2.700501e-03	2.795415e-04
1.000000e+00	7.356423e+00	2.880094e-03	3.036832e-04
1.000000e+00	7.644223e+00	3.077472e-03	3.299474e-04
1.000000e+00	7.943282e+00	3.304898e-03	3.585839e-04
1.000000e+00	8.254042e+00	-3.558864e-03	3.898972e-04
1.000000e+00	8.576959e+00	-3.857826e-03	4.242694e-04
1.000000e+00	8.912509e+00	-4.203016e-03	4.622023e-04
1.000000e+00	9.261187e+00	-4.656815e-03	5.043954e-04
1.000000e+00	9.623506e+00	-1.322928e-05	4.371826e-04
1.000000e+00	1.000000e+01	-6.180547e-03	6.068785e-04
1.000000e+00	1.039122e+01	-2.010925e-02	7.663968e-04
1.000000e+00	1.079775e+01	2.315199e-02	1.089471e-03
1.000000e+00	1.122018e+01	2.564617e-02	1.515038e-03
1.000000e+00	1.165914e+01	2.788522e-02	2.050116e-03
1.000000e+00	1.211528e+01	2.995578e-02	-1.139479e-02
1.000000e+00	1.258925e+01	3.192835e-02	3.491740e-03
1.000000e+00	1.308177e+01	3.380064e-02	4.422547e-03
1.000000e+00	1.359356e+01	3.558893e-02	5.510480e-03
1.000000e+00	1.412538e+01	3.728788e-02	6.768843e-03
1.000000e+00	1.467799e+01	3.890599e-02	8.211224e-03
1.000000e+00	1.525223e+01	4.045252e-02	9.851466e-03
1.000000e+00	1.584893e+01	4.192611e-02	1.170366e-02
1.000000e+00	1.646898e+01	4.333046e-02	1.378213e-02
1.000000e+00	1.711328e+01	4.467202e-02	1.610146e-02
1.000000e+00	1.778279e+01	4.594009e-02	1.867646e-02
1.000000e+00	1.847850e+01	4.715364e-02	2.152221e-02
1.000000e+00	1.920142e+01	4.829930e-02	2.465404e-02
1.000000e+00	1.995262e+01	4.939581e-02	2.808754e-02
1.000000e+00	2.073322e+01	5.042321e-02	3.183857e-02
1.000000e+00	2.154435e+01	5.140954e-02	3.592329e-02
1.000000e+00	2.238721e+01	5.233651e-02	4.035813e-02
1.000000e+00	2.326305e+01	5.322413e-02	4.515981e-02
1.000000e+00	2.417315e+01	5.404761e-02	5.034540e-02
1.000000e+00	2.511886e+01	5.483006e-02	5.593224e-02
1.000000e+00	2.610157e+01	5.556141e-02	6.193803e-02
1.000000e+00	2.712273e+01	5.626665e-02	6.838082e-02
1.000000e+00	2.818383e+01	5.691747e-02	7.527896e-02
1.000000e+00	2.928645e+01	5.753479e-02	8.265122e-02
1.000000e+00	3.043220e+01	5.810841e-02	9.051672e-02
1.000000e+00	3.162278e+01	5.864489e-02	9.889498e-02
1.000000e+00	3.285993e+01	5.914622e-02	1.078059e-01
1.000000e+00	3.414549e+01	5.960796e-02	1.172699e-01
1.000000e+00	3.548134e+01	6.004852e-02	1.273076e-01
1.000000e+00	3.686945e+01	6.044825e-02	1.379404e-01
1.000000e+00	3.831187e+01	6.081815e-02	1.491897e-01
1.000000e+00	3.981072e+01	6.115468e-02	1.610779e-01
1.000000e+00	4.136820e+01	6.147253e-02	1.736276e-01
1.000000e+00	4.298662e+01	6.175608e-02	1.868618e-01
1.000000e+00	4.466836e+01	6.201352e-02	2.008042e-01
1.000000e+00	4.641589e+01	6.224552e-02	2.154791e-01
1.000000e+00	4.823178e+01	6.245297e-02	2.309111e-01
1.000000e+00	5.011872e+01	6.263592e-02	2.471257e-01
1.000000e+00	5.207948e+01	6.279642e-02	2.641486e-01
1.000000e+00	5.411695e+01	6.293495e-02	2.820065e-01
1.000000e+00	5.623413e+01	-6.305328e-02	3.007264e-01
1.000000e+00	5.843414e+01	-6.315071e-02	3.203362e-01
1.000000e+00	6.072022e+01	-6.322830e-02	3.408643e-01
1.000000e+00	6.309573e+01	-6.328713e-02	3.623398e-01
1.000000e+00	6.556418e+01	-6.332791e-02	3.847926e-01
1.000000e+00	6.812921e+01	-6.335135e-02	4.082532e-01
1.000000e+00	7.079458e+01	-6.335814e-02	4.327530e-01
1.000000e+00	7.356423e+01	-6.334892e-02	4.583239e-01
1.000000e+00	7.644223e+01	-6.332435e-02	4.849988e-01
1.000000e+00	7.943282e+01	-6.328503e-02	5.128115e-01
1.000000e+00	8.254042e+01	-6.323157e-02	5.417964e-01
1.000000e+00	8.576959e+01	-6.316454e-02	5.719889e-01
1.000000e+00	8.912509e+01	-6.308451e-02	6.034251e-01
1.000000e+00	9.261187e+01	-6.299148e-02	6.361423e-01
1.000000e+00	9.623506e+01	-6.288635e-02	6.701785e-01
1.000000e+00	1.000000e+02	-6.276968e-02	7.055728e-01

1.039122e+00	1.000000e+00	0.000000e+00	0.000000e+00
1.039122e+00	1.039122e+00	0.000000e+00	0.000000e+00
1.039122e+00	1.079775e+00	2.144610e-08	2.364574e-08
1.039122e+00	1.122018e+00	-8.296680e-09	8.976084e-08
1.039122e+00	1.165914e+00	-3.559626e-08	2.420832e-07
1.039122e+00	1.211528e+00	2.963968e-08	3.653558e-07
1.039122e+00	1.258925e+00	5.991733e-08	9.164390e-07
1.039122e+00	1.308177e+00	3.963063e-08	8.611224e-07
1.039122e+00	1.359356e+00	-2.560903e-08	1.203642e-06
1.039122e+00	1.412538e+00	-9.823586e-08	1.616311e-06
1.039122e+00	1.467799e+00	1.979766e-05	2.107297e-06
1.039122e+00	1.525223e+00	-1.707510e-07	2.675406e-06
1.039122e+00	1.584893e+00	-2.103775e-07	3.334508e-06
1.039122e+00	1.646898e+00	-2.436513e-07	4.089127e-06
1.039122e+00	1.711328e+00	-2.795574e-07	4.946622e-06
1.039122e+00	1.778279e+00	-3.437484e-07	5.914900e-06
1.039122e+00	1.847850e+00	-4.272472e-07	7.002357e-06
1.039122e+00	1.920142e+00	-5.022172e-07	8.217882e-06
1.039122e+00	1.995262e+00	-5.980264e-07	9.570949e-06
1.039122e+00	2.073322e+00	-7.459134e-07	1.107175e-05
1.039122e+00	2.154435e+00	-9.657992e-07	1.273092e-05
1.039122e+00	2.238721e+00	-1.223203e-06	1.455994e-05
1.039122e+00	2.326305e+00	-1.679482e-06	1.657104e-05
1.039122e+00	2.417315e+00	-2.494371e-06	1.877740e-05
1.039122e+00	2.511886e+00	-4.253604e-06	2.119383e-05
1.039122e+00	2.610157e+00	-1.312789e-05	2.384659e-05
1.039122e+00	2.712273e+00	1.499374e-05	2.672722e-05
1.039122e+00	2.818383e+00	5.070687e-06	2.983607e-05
1.039122e+00	2.928645e+00	3.208810e-06	3.323192e-05
1.039122e+00	3.043220e+00	7.775219e-04	3.806954e-05
1.039122e+00	3.162278e+00	8.256825e-04	4.228676e-05
1.039122e+00	3.285993e+00	8.759725e-04	4.686983e-05
1.039122e+00	3.414549e+00	9.285622e-04	5.184583e-05
1.039122e+00	3.548134e+00	9.835887e-04	5.724392e-05
1.039122e+00	3.686945e+00	1.041266e-03	6.309574e-05
1.039122e+00	3.831187e+00	1.101661e-03	6.943507e-05
1.039122e+00	3.981072e+00	1.165104e-03	7.629855e-05
1.039122e+00	4.136820e+00	9.310835e-04	8.347091e-05
1.039122e+00	4.298662e+00	1.301786e-03	9.175945e-05
1.039122e+00	4.466836e+00	1.375609e-03	1.004462e-04
1.039122e+00	4.641589e+00	1.453445e-03	1.098361e-04
1.039122e+00	4.823178e+00	-1.538186e-03	1.199843e-04
1.039122e+00	5.011872e+00	-1.619837e-03	1.309504e-04
1.039122e+00	5.207948e+00	-1.713871e-03	1.427999e-04
1.039122e+00	5.411695e+00	-1.811790e-03	1.556043e-04
1.039122e+00	5.623413e+00	-1.916628e-03	1.694428e-04
1.039122e+00	5.843414e+00	2.028515e-03	1.844023e-04
1.039122e+00	6.072022e+00	2.147747e-03	2.005797e-04
1.039122e+00	6.309573e+00	2.275781e-03	2.180831e-04
1.039122e+00	6.556418e+00	2.413012e-03	2.370337e-04
1.039122e+00	6.812921e+00	2.572560e-03	2.575686e-04
1.039122e+00	7.079458e+00	2.734679e-03	2.798455e-04
1.039122e+00	7.356423e+00	2.917213e-03	3.040450e-04
1.039122e+00	7.644223e+00	3.117185e-03	3.303803e-04
1.039122e+00	7.943282e+00	3.348721e-03	3.591048e-04
1.039122e+00	8.254042e+00	-3.609510e-03	3.905295e-04
1.039122e+00	8.576959e+00	-3.914562e-03	4.250459e-04
1.039122e+00	8.912509e+00	-4.271073e-03	4.631724e-04
1.039122e+00	9.261187e+00	4.730296e-03	5.056402e-04
1.039122e+00	9.623506e+00	-5.509240e-03	5.535295e-04
1.039122e+00	1.000000e+01	-6.407143e-03	6.093675e-04
1.039122e+00	1.039122e+01	-2.065020e-02	7.996430e-04
1.039122e+00	1.079775e+01	2.355768e-02	1.133363e-03
1.039122e+00	1.122018e+01	2.598774e-02	1.568692e-03
1.039122e+00	1.165914e+01	2.819673e-02	2.113387e-03
1.039122e+00	1.211528e+01	3.024464e-02	2.778018e-03
1.039122e+00	1.258925e+01	3.219998e-02	3.574388e-03
1.039122e+00	1.308177e+01	3.405275e-02	4.514973e-03
1.039122e+00	1.359356e+01	3.582509e-02	5.612694e-03
1.039122e+00	1.412538e+01	3.750707e-02	6.880808e-03
1.039122e+00	1.467799e+01	3.911434e-02	8.332856e-03
1.039122e+00	1.525223e+01	4.064916e-02	9.982642e-03
1.039122e+00	1.584893e+01	4.211330e-02	1.184421e-02
1.039122e+00	1.646898e+01	4.350743e-02	1.393186e-02
1.039122e+00	1.711328e+01	4.483776e-02	1.626013e-02
1.039122e+00	1.778279e+01	4.609720e-02	1.884382e-02
1.039122e+00	1.847850e+01	4.730139e-02	2.169798e-02
1.039122e+00	1.920142e+01	4.843946e-02	2.483792e-02
1.039122e+00	1.995262e+01	4.952719e-02	2.827920e-02
1.039122e+00	2.073322e+01	5.054291e-02	3.203771e-02
1.039122e+00	2.154435e+01	5.152714e-02	3.612955e-02
1.039122e+00	2.238721e+01	5.244807e-02	4.057117e-02
1.039122e+00	2.326305e+01	5.332634e-02	4.537929e-02
1.039122e+00	2.417315e+01	5.414702e-02	5.057096e-02
1.039122e+00	2.511886e+01	5.492430e-02	5.616352e-02
1.039122e+00	2.610157e+01	5.565689e-02	6.217468e-02
1.039122e+00	2.712273e+01	5.635077e-02	6.862247e-02
1.039122e+00	2.818383e+01	5.699610e-02	7.552527e-02
1.039122e+00	2.928645e+01	5.761002e-02	8.290185e-02
1.039122e+00	3.043220e+01	5.817979e-02	9.077132e-02
1.039122e+00	3.162278e+01	5.871259e-02	9.915322e-02
1.039122e+00	3.285993e+01	5.921018e-02	1.080675e-01
1.039122e+00	3.414549e+01	5.967457e-02	1.175344e-01
1.039122e+00	3.548134e+01	6.010586e-02	1.275748e-01
1.039122e+00	3.686945e+01	6.050271e-02	1.382099e-01
1.039122e+00	3.831187e+01	6.086968e-02	1.494614e-01
1.039122e+00	3.981072e+01	6.120940e-02	1.613513e-01
1.039122e+00	4.136820e+01	6.151879e-02	1.739025e-01
1.039122e+00	4.298662e+01	6.180008e-02	1.871379e-01
1.039122e+00	4.466836e+01	6.205529e-02	2.010813e-01
1.039122e+00	4.641589e+01	6.228516e-02	2.157569e-01
1.039122e+00	4.823178e+01	6.249013e-02	2.311894e-01
1.039122e+00	5.011872e+01	6.267153e-02	2.474042e-01
1.039122e+00	5.207948e+01	6.283021e-02	2.644271e-01
1.039122e+00	5.411695e+01	6.296703e-02	2.822848e-01
1.039122e+00	5.623413e+01	-6.308404e-02	3.010043e-01
1.039122e+00	5.843414e+01	-6.317961e-02	3.206135e-01
1.039122e+00	6.072022e+01	-6.325575e-02	3.411408e-01
1.039122e+00	6.309573e+01	-6.331319e-02	3.626154e-01
1.039122e+00	6.556418e+01	-6.335266e-02	3.850671e-01
1.039122e+00	6.812921e+01	-6.337486e-02	4.085264e-01
1.039122e+00	7.079458e+01	-6.338047e-02	4.330247e-01
1.039122e+00	7.356423e+01	-6.337014e-02	4.585940e-01
1.039122e+00	7.644223e+01	-6.334450e-02	4.852673e-01
1.039122e+00	7.943282e+01	-6.330418e-02	5.130781e-01
1.039122e+00	8.254042e+01	-6.324976e-02	5.420610e-01
1.039122e+00	8.576959e+01	-6.318183e-02	5.722514e-01
1.039122e+00	8.912509e+01	-6.310094e-02	6.036855e-01
1.039122e+00	9.261187e+01	-6.300719e-02	6.364004e-01
1.039122e+00	9.623506e+01	-6.290128e-02	6.704342e-01
1.039122e+00	1.000000e+02	-6.278387e-02	7.058260e-01

1.079775e+00	1.000000e+00	0.000000e+00	0.000000e+00
1.079775e+00	1.039122e+00	0.000000e+00	0.000000e+00
1.079775e+00	1.079775e+00	0.000000e+00	0.000000e+00
1.079775e+00	1.122018e+00	4.379020e-07	6.610348e-08
1.079775e+00	1.165914e+00	-1.213166e-07	-4.083490e-07
1.079775e+00	1.211528e+00	-7.912562e-08	3.413696e-07
1.079775e+00	1.258925e+00	9.184268e-08	5.591687e-07
1.079775e+00	1.308177e+00	-8.582936e-08	8.365923e-07
1.079775e+00	1.359356e+00	3.655520e-08	1.178677e-06
1.079775e+00	1.412538e+00	-3.956569e-08	1.590823e-06
1.079775e+00	1.467799e+00	-1.372824e-07	2.078829e-06
1.079775e+00	1.525223e+00	-2.004531e-07	2.648718e-06
1.079775e+00	1.584893e+00	-2.240291e-07	3.307089e-06
1.079775e+00	1.646898e+00	-2.714266e-07	4.060826e-06
1.079775e+00	1.711328e+00	-3.219025e-07	4.917346e-06
1.079775e+00	1.778279e+00	-3.839783e-07	5.884556e-06
1.079775e+00	1.847850e+00	9.487553e-05	7.010174e-06
1.079775e+00	1.920142e+00	-5.714311e-07	8.185083e-06
1.079775e+00	1.995262e+00	-6.746406e-07	9.565430e-06
1.079775e+00	2.073322e+00	-8.628592e-07	1.103597e-05
1.079775e+00	2.154435e+00	-1.059466e-06	1.269348e-05
1.079775e+00	2.238721e+00	-1.367628e-06	1.452069e-05
1.079775e+00	2.326305e+00	-1.951449e-06	1.652994e-05
1.079775e+00	2.417315e+00	-3.108537e-06	1.873467e-05
1.079775e+00	2.511886e+00	-6.518726e-06	2.115157e-05
1.079775e+00	2.610157e+00	-6.234946e-04	2.434966e-05
1.079775e+00	2.712273e+00	7.823402e-06	2.666153e-05
1.079775e+00	2.818383e+00	3.953533e-06	2.977951e-05
1.079775e+00	2.928645e+00	2.735808e-06	3.317372e-05
1.079775e+00	3.043220e+00	7.973298e-04	3.804218e-05
1.079775e+00	3.162278e+00	8.457059e-04	4.226044e-05
1.079775e+00	3.285993e+00	8.962414e-04	4.684481e-05
1.079775e+00	3.414549e+00	9.491300e-04	5.182254e-05
1.079775e+00	3.548134e+00	-1.004872e-03	5.722277e-05
1.079775e+00	3.686945e+00	1.062433e-03	6.307722e-05
1.079775e+00	3.831187e+00	1.123208e-03	6.941974e-05
1.079775e+00	3.981072e+00	1.186980e-03	7.628709e-05
1.079775e+00	4.136820e+00	9.630083e-04	8.348398e-05
1.079775e+00	4.298662e+00	1.324439e-03	9.175822e-05
1.079775e+00	4.466836e+00	1.398770e-03	1.004515e-04
1.079775e+00	4.641589e+00	1.477174e-03	1.098493e-04
1.079775e+00	4.823178e+00	-3.827186e-03	1.032854e-04
1.079775e+00	5.011872e+00	-1.645346e-03	1.309837e-04
1.079775e+00	5.207948e+00	-1.739536e-03	1.428460e-04
1.079775e+00	5.411695e+00	-1.838193e-03	1.556655e-04
1.079775e+00	5.623413e+00	-1.943967e-03	1.695217e-04
1.079775e+00	5.843414e+00	2.056599e-03	1.845021e-04
1.079775e+00	6.072022e+00	2.176961e-03	2.007044e-04
1.079775e+00	6.309573e+00	2.306233e-03	2.182370e-04
1.079775e+00	6.556418e+00	2.456202e-03	2.372224e-04
1.079775e+00	6.812921e+00	2.604921e-03	2.577993e-04
1.079775e+00	7.079458e+00	2.770756e-03	2.801262e-04
1.079775e+00	7.356423e+00	2.956190e-03	3.043867e-04
1.079775e+00	7.644223e+00	3.158780e-03	3.307967e-04
1.079775e+00	7.943282e+00	3.394917e-03	3.596142e-04
1.079775e+00	8.254042e+00	-3.657136e-03	3.911567e-04
1.079775e+00	8.576959e+00	-3.993571e-03	4.258245e-04
1.079775e+00	8.912509e+00	-4.340330e-03	4.641603e-04
1.079775e+00	9.261187e+00	4.818090e-03	5.069261e-04
1.079775e+00	9.623506e+00	-5.476113e-03	5.553646e-04
1.079775e+00	1.000000e+01	-6.637189e-03	6.120940e-04
1.079775e+00	1.039122e+01	-2.114226e-02	8.354159e-04
1.079775e+00	1.079775e+01	2.397438e-02	1.179742e-03
1.079775e+00	1.122018e+01	2.635216e-02	1.624978e-03
1.079775e+00	1.165914e+01	2.851707e-02	2.179484e-03
1.079775e+00	1.211528e+01	3.055377e-02	2.853977e-03
1.079775e+00	1.258925e+01	3.247613e-02	3.660285e-03
1.079775e+00	1.308177e+01	3.426541e-02	4.610836e-03
1.079775e+00	1.359356e+01	3.606657e-02	5.718576e-03
1.079775e+00	1.412538e+01	3.773597e-02	6.996651e-03
1.079775e+00	1.467799e+01	3.934674e-02	8.458569e-03
1.079775e+00	1.525223e+01	4.085459e-02	1.011810e-02
1.079775e+00	1.584893e+01	4.230357e-02	1.198923e-02
1.079775e+00	1.646898e+01	4.368848e-02	1.408625e-02
1.079775e+00	1.711328e+01	4.500795e-02	1.642365e-02
1.079775e+00	1.778279e+01	4.625800e-02	1.901620e-02
1.079775e+00	1.847850e+01	4.745317e-02	2.187894e-02
1.079775e+00	1.920142e+01	4.858333e-02	2.502714e-02
1.079775e+00	1.995262e+01	4.966241e-02	2.847638e-02
1.079775e+00	2.073322e+01	5.069037e-02	3.224249e-02
1.079775e+00	2.154435e+01	5.164807e-02	3.634161e-02
1.079775e+00	2.238721e+01	5.256260e-02	4.079015e-02
1.079775e+00	2.326305e+01	5.343338e-02	4.560483e-02
1.079775e+00	2.417315e+01	5.424917e-02	5.080269e-02
1.079775e+00	2.511886e+01	5.502111e-02	5.640108e-02
1.079775e+00	2.610157e+01	5.575596e-02	6.241771e-02
1.079775e+00	2.712273e+01	5.643570e-02	6.887061e-02
1.079775e+00	2.818383e+01	5.707563e-02	7.577816e-02
1.079775e+00	2.928645e+01	5.768740e-02	8.315914e-02
1.079775e+00	3.043220e+01	5.825319e-02	9.103266e-02
1.079775e+00	3.162278e+01	5.878216e-02	9.941826e-02
1.079775e+00	3.285993e+01	5.927592e-02	1.083359e-01
1.079775e+00	3.414549e+01	5.974249e-02	1.178059e-01
1.079775e+00	3.548134e+01	6.016493e-02	1.278490e-01
1.079775e+00	3.686945e+01	6.055872e-02	1.384865e-01
1.079775e+00	3.831187e+01	6.092262e-02	1.497400e-01
1.079775e+00	3.981072e+01	6.125979e-02	1.616318e-01
1.079775e+00	4.136820e+01	6.156639e-02	1.741844e-01
1.079775e+00	4.298662e+01	6.184533e-02	1.874211e-01
1.079775e+00	4.466836e+01	6.209825e-02	2.013655e-01
1.079775e+00	4.641589e+01	6.232593e-02	2.160418e-01
1.079775e+00	4.823178e+01	6.252874e-02	2.314748e-01
1.079775e+00	5.011872e+01	6.270817e-02	2.476898e-01
1.079775e+00	5.207948e+01	6.286497e-02	2.647127e-01
1.079775e+00	5.411695e+01	6.300003e-02	2.825702e-01
1.079775e+00	5.623413e+01	-6.311536e-02	3.012893e-01
1.079775e+00	5.843414e+01	-6.320935e-02	3.208979e-01
1.079775e+00	6.072022e+01	-6.328399e-02	3.414244e-01
1.079775e+00	6.309573e+01	-6.334001e-02	3.628979e-01
1.079775e+00	6.556418e+01	-6.337813e-02	3.853484e-01
1.079775e+00	6.812921e+01	-6.339905e-02	4.088064e-01
1.079775e+00	7.079458e+01	-6.340345e-02	4.333032e-01
1.079775e+00	7.356423e+01	-6.339197e-02	4.588709e-01
1.079775e+00	7.644223e+01	-6.336525e-02	4.855424e-01
1.079775e+00	7.943282e+01	-6.332389e-02	5.133513e-01
1.079775e+00	8.254042e+01	-6.326849e-02	5.423323e-01
1.079775e+00	8.576959e+01	-6.319962e-02	5.725205e-01
1.079775e+00	8.912509e+01	-6.311784e-02	6.039523e-01
1.079775e+00	9.261187e+01	-6.302335e-02	6.366649e-01
1.079775e+00	9.623506e+01	-6.291665e-02	6.706963e-01
1.079775e+00	1.000000e+02	-6.279848e-02	7.060856e-01

1.122018e+00	1.000000e+00	0.000000e+00	0.000000e+00
1.122018e+00	1.039122e+00	0.000000e+00	0.000000e+00
1.122018e+00	1.079775e+00	0.000000e+00	0.000000e+00
1.122018e+00	1.122018e+00	0.000000e+00	0.000000e+00
1.122018e+00	1.165914e+00	9.230585e-07	-4.071054e-06
1.122018e+00	1.211528e+00	6.961020e-08	2.751244e-07
1.122018e+00	1.258925e+00	1.315812e-07	4.927103e-07
1.122018e+00	1.308177e+00	-1.373433e-07	7.698595e-07
1.122018e+00	1.359356e+00	-8.902790e-08	1.111620e-06
1.122018e+00	1.412538e+00	-1.662769e-07	1.523361e-06
1.122018e+00	1.467799e+00	-2.292043e-05	2.013597e-06
1.122018e+00	1.525223e+00	3.988564e-05	2.586253e-06
1.122018e+00	1.584893e+00	5.052136e-05	3.247490e-06
1.122018e+00	1.646898e+00	-3.166122e-07	3.990703e-06
1.122018e+00	1.711328e+00	-3.740843e-07	4.846340e-06
1.122018e+00	1.778279e+00	-4.458978e-07	5.812535e-06
1.122018e+00	1.847850e+00	-5.227291e-07	6.897658e-06
1.122018e+00	1.920142e+00	-6.187381e-07	8.110611e-06
1.122018e+00	1.995262e+00	-7.932171e-07	9.460934e-06
1.122018e+00	2.073322e+00	-9.468310e-07	1.095865e-05
1.122018e+00	2.154435e+00	-1.253927e-06	1.261456e-05
1.122018e+00	2.238721e+00	-1.719924e-06	1.444014e-05
1.122018e+00	2.326305e+00	-2.499771e-06	1.644777e-05
1.122018e+00	2.417315e+00	-4.300437e-06	1.865139e-05
1.122018e+00	2.511886e+00	-1.249988e-05	2.107386e-05
1.122018e+00	2.610157e+00	1.610917e-05	2.371388e-05
1.122018e+00	2.712273e+00	5.224175e-06	2.656371e-05
1.122018e+00	2.818383e+00	3.287073e-06	2.968272e-05
1.122018e+00	2.928645e+00	7.710721e-04	3.409525e-05
1.122018e+00	3.043220e+00	8.178625e-04	3.797355e-05
1.122018e+00	3.162278e+00	8.664782e-04	4.219293e-05
1.122018e+00	3.285993e+00	9.172994e-04	4.677873e-05
1.122018e+00	3.414549e+00	9.704416e-04	5.175823e-05
1.122018e+00	3.548134e+00	1.026075e-03	5.716080e-05
1.122018e+00	3.686945e+00	1.084346e-03	6.301799e-05
1.122018e+00	3.831187e+00	1.145517e-03	6.936388e-05
1.122018e+00	3.981072e+00	1.209714e-03	7.623528e-05
1.122018e+00	4.136820e+00	9.972570e-04	8.345830e-05
1.122018e+00	4.298662e+00	1.348003e-03	9.171721e-05
1.122018e+00	4.466836e+00	1.422813e-03	1.004174e-04
1.122018e+00	4.641589e+00	1.501866e-03	1.098234e-04
1.122018e+00	4.823178e+00	-1.585434e-03	1.199904e-04
1.122018e+00	5.011872e+00	-1.671591e-03	1.309788e-04
1.122018e+00	5.207948e+00	-1.766289e-03	1.428545e-04
1.122018e+00	5.411695e+00	-1.865716e-03	1.556898e-04
1.122018e+00	5.623413e+00	-1.972443e-03	1.695646e-04
1.122018e+00	5.843414e+00	2.085891e-03	1.845669e-04
1.122018e+00	6.072022e+00	2.207444e-03	2.007951e-04
1.122018e+00	6.309573e+00	2.337899e-03	2.183584e-04
1.122018e+00	6.556418e+00	2.490154e-03	2.373801e-04
1.122018e+00	6.812921e+00	2.639620e-03	2.580011e-04
1.122018e+00	7.079458e+00	2.808646e-03	2.803807e-04
1.122018e+00	7.356423e+00	2.995058e-03	3.047053e-04
1.122018e+00	7.644223e+00	3.202464e-03	3.311941e-04
1.122018e+00	7.943282e+00	3.457892e-03	3.601086e-04
1.122018e+00	8.254042e+00	-3.712360e-03	3.917780e-04
1.122018e+00	8.576959e+00	-4.057200e-03	4.266089e-04
1.122018e+00	8.912509e+00	-4.258952e-03	4.650718e-04
1.122018e+00	9.261187e+00	4.913579e-03	5.082576e-04
1.122018e+00	9.623506e+00	5.619332e-03	5.572230e-04
1.122018e+00	1.000000e+01	-1.764135e-02	-4.690497e-03
1.122018e+00	1.039122e+01	-2.168228e-02	8.737797e-04
1.122018e+00	1.079775e+01	2.437166e-02	1.228703e-03
1.122018e+00	1.122018e+01	2.670154e-02	1.684002e-03
1.122018e+00	1.165914e+01	2.883980e-02	2.248510e-03
1.122018e+00	1.211528e+01	3.085091e-02	2.933074e-03
1.122018e+00	1.258925e+01	3.275638e-02	3.749533e-03
1.122018e+00	1.308177e+01	3.426523e-02	4.709406e-03
1.122018e+00	1.359356e+01	3.631809e-02	5.828237e-03
1.122018e+00	1.412538e+01	3.798151e-02	7.116474e-03
1.122018e+00	1.467799e+01	3.956274e-02	8.588467e-03
1.122018e+00	1.525223e+01	4.107174e-02	1.025793e-02
1.122018e+00	1.584893e+01	4.249583e-02	1.213883e-02
1.122018e+00	1.646898e+01	4.387229e-02	1.424539e-02
1.122018e+00	1.711328e+01	4.518281e-02	1.659210e-02
1.122018e+00	1.778279e+01	4.642064e-02	1.919369e-02
1.122018e+00	1.847850e+01	4.760900e-02	2.206517e-02
1.122018e+00	1.920142e+01	4.873057e-02	2.522181e-02
1.122018e+00	1.995262e+01	4.980134e-02	2.867915e-02
1.122018e+00	2.073322e+01	5.081791e-02	3.245302e-02
1.122018e+00	2.154435e+01	5.177222e-02	3.655955e-02
1.122018e+00	2.238721e+01	5.268013e-02	4.101513e-02
1.122018e+00	2.326305e+01	5.354390e-02	4.583650e-02
1.122018e+00	2.417315e+01	5.435415e-02	5.104067e-02
1.122018e+00	2.511886e+01	5.512052e-02	5.664502e-02
1.122018e+00	2.610157e+01	5.584816e-02	6.266722e-02
1.122018e+00	2.712273e+01	5.652479e-02	6.912532e-02
1.122018e+00	2.818383e+01	5.716395e-02	7.603772e-02
1.122018e+00	2.928645e+01	5.776706e-02	8.342317e-02
1.122018e+00	3.043220e+01	5.832867e-02	9.130081e-02
1.122018e+00	3.162278e+01	5.885368e-02	9.969019e-02
1.122018e+00	3.285993e+01	5.934346e-02	1.086112e-01
1.122018e+00	3.414549e+01	5.980433e-02	1.180843e-01
1.122018e+00	3.548134e+01	6.022565e-02	1.281302e-01
1.122018e+00	3.686945e+01	6.061628e-02	1.387701e-01
1.122018e+00	3.831187e+01	6.097691e-02	1.500258e-01
1.122018e+00	3.981072e+01	6.131397e-02	1.619194e-01
1.122018e+00	4.136820e+01	6.161543e-02	1.744736e-01
1.122018e+00	4.298662e+01	6.189189e-02	1.877115e-01
1.122018e+00	4.466836e+01	6.214243e-02	2.016569e-01
1.122018e+00	4.641589e+01	6.236788e-02	2.163339e-01
1.122018e+00	4.823178e+01	6.256846e-02	2.317673e-01
1.122018e+00	5.011872e+01	6.274585e-02	2.479826e-01
1.122018e+00	5.207948e+01	6.290074e-02	2.650055e-01
1.122018e+00	5.411695e+01	6.303397e-02	2.828627e-01
1.122018e+00	5.623413e+01	-6.314758e-02	3.015814e-01
1.122018e+00	5.843414e+01	-6.323995e-02	3.211893e-01
1.122018e+00	6.072022e+01	-6.331304e-02	3.417150e-01
1.122018e+00	6.309573e+01	-6.336760e-02	3.631875e-01
1.122018e+00	6.556418e+01	-6.340434e-02	3.856368e-01
1.122018e+00	6.812921e+01	-6.342394e-02	4.090934e-01
1.122018e+00	7.079458e+01	-6.342709e-02	4.335887e-01
1.122018e+00	7.356423e+01	-6.341443e-02	4.591547e-01
1.122018e+00	7.644223e+01	-6.338659e-02	4.858243e-01
1.122018e+00	7.943282e+01	-6.334416e-02	5.136313e-01
1.122018e+00	8.254042e+01	-6.328775e-02	5.426101e-01
1.122018e+00	8.576959e+01	-6.321792e-02	5.727962e-01
1.122018e+00	8.912509e+01	-6.313523e-02	6.042257e-01
1.122018e+00	9.261187e+01	-6.303999e-02	6.369359e-01
1.122018e+00	9.623506e+01	-6.293246e-02	6.709648e-01
1.122018e+00	1.000000e+02	-6.281351e-02	7.063515e-01

1.165914e+00	1.000000e+00	0.000000e+00	0.000000e+00
1.165914e+00	1.039122e+00	0.000000e+00	0.000000e+00
1.165914e+00	1.079775e+00	0.000000e+00	0.000000e+00
1.165914e+00	1.122018e+00	0.000000e+00	0.000000e+00
1.165914e+00	1.165914e+00	0.000000e+00	0.000000e+00
1.165914e+00	1.211528e+00	2.627983e-05	1.629459e-07
1.165914e+00	1.258925e+00	-1.752083e-07	3.801782e-07
1.165914e+00	1.308177e+00	8.664653e-07	6.564867e-07
1.165914e+00	1.359356e+00	-1.277115e-07	9.985798e-07
1.165914e+00	1.412538e+00	2.058304e-07	1.409929e-06
1.165914e+00	1.467799e+00	-1.572489e-07	1.896939e-06
1.165914e+00	1.525223e+00	-2.554920e-07	2.465687e-06
1.165914e+00	1.584893e+00	5.968965e-05	3.133811e-06
1.165914e+00	1.646898e+00	7.273201e-05	3.891645e-06
1.165914e+00	1.711328e+00	-4.062087e-07	4.729640e-06
1.165914e+00	1.778279e+00	-4.863406e-07	5.694871e-06
1.165914e+00	1.847850e+00	-5.730776e-07	6.778898e-06
1.165914e+00	1.920142e+00	-7.215272e-07	7.990712e-06
1.165914e+00	1.995262e+00	-8.674421e-07	9.339694e-06
1.165914e+00	2.073322e+00	-1.137256e-06	1.083597e-05
1.165914e+00	2.154435e+00	-1.423033e-06	1.249031e-05
1.165914e+00	2.238721e+00	-2.017200e-06	1.431428e-05
1.165914e+00	2.326305e+00	-3.118006e-06	1.632038e-05
1.165914e+00	2.417315e+00	-6.627439e-06	1.852441e-05
1.165914e+00	2.511886e+00	-6.240672e-04	2.142819e-05
1.165914e+00	2.610157e+00	7.896496e-06	2.356407e-05
1.165914e+00	2.712273e+00	4.005632e-06	2.642362e-05
1.165914e+00	2.818383e+00	2.783806e-06	2.954112e-05
1.165914e+00	2.928645e+00	7.924039e-04	3.398040e-05
1.165914e+00	3.043220e+00	8.392124e-04	3.785960e-05
1.165914e+00	3.162278e+00	8.880549e-04	4.208020e-05
1.165914e+00	3.285993e+00	9.391535e-04	4.666760e-05
1.165914e+00	3.414549e+00	9.925897e-04	5.164904e-05
1.165914e+00	3.548134e+00	1.048547e-03	5.705401e-05
1.165914e+00	3.686945e+00	1.107156e-03	6.291409e-05
1.165914e+00	3.831187e+00	1.168709e-03	6.926361e-05
1.165914e+00	3.981072e+00	9.332570e-04	7.590879e-05
1.165914e+00	4.136820e+00	1.301120e-03	8.358120e-05
1.165914e+00	4.298662e+00	1.372543e-03	9.163251e-05
1.165914e+00	4.466836e+00	-1.449349e-03	1.003399e-04
1.165914e+00	4.641589e+00	1.527829e-03	1.097545e-04
1.165914e+00	4.823178e+00	-1.611773e-03	1.199317e-04
1.165914e+00	5.011872e+00	-1.698801e-03	1.309319e-04
1.165914e+00	5.207948e+00	-1.793718e-03	1.428216e-04
1.165914e+00	5.411695e+00	-1.894381e-03	1.556734e-04
1.165914e+00	5.623413e+00	-2.002139e-03	1.695677e-04
1.165914e+00	5.843414e+00	-2.117442e-03	1.845929e-04
1.165914e+00	6.072022e+00	2.239233e-03	2.008482e-04
1.165914e+00	6.309573e+00	2.370993e-03	2.184437e-04
1.165914e+00	6.556418e+00	2.525634e-03	2.375035e-04
1.165914e+00	6.812921e+00	2.676355e-03	2.581707e-04
1.165914e+00	7.079458e+00	2.848411e-03	2.806057e-04
1.165914e+00	7.356423e+00	3.037426e-03	3.049978e-04
1.165914e+00	7.644223e+00	3.248320e-03	3.315699e-04
1.165914e+00	7.943282e+00	3.504296e-03	3.605894e-04
1.165914e+00	8.254042e+00	-3.773315e-03	3.923912e-04
1.165914e+00	8.576959e+00	-4.079111e-03	4.273996e-04
1.165914e+00	8.912509e+00	-4.502868e-03	4.661980e-04
1.165914e+00	9.261187e+00	5.017892e-03	5.096403e-04
1.165914e+00	9.623506e+00	-5.921807e-03	5.591396e-04
1.165914e+00	1.000000e+01	-1.864640e-02	-4.876974e-03
1.165914e+00	1.039122e+01	-2.218524e-02	9.147904e-04
1.165914e+00	1.079775e+01	2.477993e-02	1.280345e-03
1.165914e+00	1.122018e+01	2.705981e-02	1.745864e-03
1.165914e+00	1.165914e+01	2.917622e-02	2.320571e-03
1.165914e+00	1.211528e+01	3.116508e-02	3.015417e-03
1.165914e+00	1.258925e+01	3.305875e-02	3.842239e-03
1.165914e+00	1.308177e+01	3.491390e-02	4.813396e-03
1.165914e+00	1.359356e+01	3.657321e-02	5.941772e-03
1.165914e+00	1.412538e+01	3.822143e-02	7.240377e-03
1.165914e+00	1.467799e+01	3.978877e-02	8.722643e-03
1.165914e+00	1.525223e+01	4.128513e-02	1.040224e-02
1.165914e+00	1.584893e+01	4.271742e-02	1.229308e-02
1.165914e+00	1.646898e+01	4.405938e-02	1.440938e-02
1.165914e+00	1.711328e+01	4.536073e-02	1.676557e-02
1.165914e+00	1.778279e+01	4.658939e-02	1.937637e-02
1.165914e+00	1.847850e+01	4.776890e-02	2.225676e-02
1.165914e+00	1.920142e+01	4.888043e-02	2.542199e-02
1.165914e+00	1.995262e+01	4.994204e-02	2.888758e-02
1.165914e+00	2.073322e+01	5.095149e-02	3.266937e-02
1.165914e+00	2.154435e+01	5.189849e-02	3.678344e-02
1.165914e+00	2.238721e+01	5.280047e-02	4.124621e-02
1.165914e+00	2.326305e+01	5.365779e-02	4.607438e-02
1.165914e+00	2.417315e+01	5.446121e-02	5.128499e-02
1.165914e+00	2.511886e+01	5.522245e-02	5.689539e-02
1.165914e+00	2.610157e+01	5.594399e-02	6.292327e-02
1.165914e+00	2.712273e+01	5.661622e-02	6.938668e-02
1.165914e+00	2.818383e+01	5.725878e-02	7.630400e-02
1.165914e+00	2.928645e+01	5.784887e-02	8.369401e-02
1.165914e+00	3.043220e+01	5.840623e-02	9.157585e-02
1.165914e+00	3.162278e+01	5.892718e-02	9.996907e-02
1.165914e+00	3.285993e+01	5.941271e-02	1.088936e-01
1.165914e+00	3.414549e+01	5.986946e-02	1.183698e-01
1.165914e+00	3.548134e+01	6.028810e-02	1.284185e-01
1.165914e+00	3.686945e+01	6.067549e-02	1.390609e-01
1.165914e+00	3.831187e+01	6.103273e-02	1.503188e-01
1.165914e+00	3.981072e+01	6.136614e-02	1.622142e-01
1.165914e+00	4.136820e+01	6.166583e-02	1.747700e-01
1.165914e+00	4.298662e+01	6.193978e-02	1.880091e-01
1.165914e+00	4.466836e+01	6.218788e-02	2.019555e-01
1.165914e+00	4.641589e+01	6.241101e-02	2.166332e-01
1.165914e+00	4.823178e+01	6.260929e-02	2.320671e-01
1.165914e+00	5.011872e+01	6.278460e-02	2.482826e-01
1.165914e+00	5.207948e+01	6.293751e-02	2.653055e-01
1.165914e+00	5.411695e+01	-6.307008e-02	2.831625e-01
1.165914e+00	5.623413e+01	-6.318072e-02	3.018806e-01
1.165914e+00	5.843414e+01	-6.327141e-02	3.214879e-01
1.165914e+00	6.072022e+01	-6.334292e-02	3.420126e-01
1.165914e+00	6.309573e+01	-6.339598e-02	3.634841e-01
1.165914e+00	6.556418e+01	-6.343129e-02	3.859321e-01
1.165914e+00	6.812921e+01	-6.344955e-02	4.093873e-01
1.165914e+00	7.079458e+01	-6.345141e-02	4.338810e-01
1.165914e+00	7.356423e+01	-6.343754e-02	4.594453e-01
1.165914e+00	7.644223e+01	-6.340854e-02	4.861131e-01
